   N  -4.621886   0.019316  -0.487495 
   C  -5.002974  -1.292136  -0.649650 
   H  -6.051482  -1.565312  -0.755627 
   N  -3.989420  -2.135237  -0.659676 
   C  -2.878058  -1.321181  -0.493726  
   C  -1.491209  -1.595435  -0.413607 
   N  -0.638668  -0.560785  -0.237438
   C  -1.149257   0.681655  -0.151767
   H  -0.410135   1.478324  -0.010335
   N  -2.426569   1.075911  -0.212465
   C  -3.251310   0.026385  -0.384134
   N  -0.985767  -2.844060  -0.537468
   H  -0.012142  -2.995151  -0.297488
   H  -1.613729  -3.637056  -0.481307
   H  -5.237805   0.825829  -0.452328