N          -4.53703200        0.05051800       -0.50055746
C          -4.95057711       -1.21933719       -0.68758669
H          -5.98412737       -1.52626229       -0.81924995
C          -2.76071690       -1.26477331       -0.49028565
C          -1.37026719       -1.60962391       -0.39938918
N          -0.60679311       -0.44147150       -0.18948585
H           0.39777711       -0.59662416       -0.11093186
C          -1.09376319        0.84437175       -0.08407182
N          -0.20906371        1.82941013        0.11688032
H           0.78721457        1.65975948        0.18194462
H          -0.55245518        2.77992830        0.18985582
N          -2.39235344        1.14136993       -0.17200376
C          -3.16106643        0.06198740       -0.37122431
O          -0.84389638       -2.71407044       -0.48018168
C          -3.94540100       -3.49132210       -0.85611662
H          -3.34063138       -3.76872651       -1.72838400
H          -3.53761271       -3.97064269        0.04277523
H          -4.98902920       -3.79007004       -1.00607659
N          -3.90191731       -2.03607400       -0.68578497
H          -5.15198795        0.86087234       -0.46348031