N          -4.64420904        0.02730175       -0.46142945
C          -4.98467992       -1.29254794       -0.66964365
H          -6.02391924       -1.59456195       -0.78765564
N          -3.95006684       -2.09988180       -0.70569823
C          -2.85170194       -1.26091514       -0.50816493
C          -1.45256595       -1.43843398       -0.43628860
N          -0.65584522       -0.38851680       -0.23317055
C          -1.20765554        0.84177932       -0.09719483
N          -0.33260801        1.86468238        0.16698289
H           0.63398201        1.69657655       -0.09287181
H          -0.67528227        2.80036001       -0.02704246
N          -2.51721292        1.15695334       -0.15045367
C          -3.27806113        0.07825787       -0.35393942
O          -0.78320285       -2.59676767       -0.55544899
C          -1.51065498       -3.81588620       -0.78886828
H          -2.20357918       -4.02540205        0.03836219
H          -2.07416775       -3.76349766       -1.73137313
H          -0.74534869       -4.59952366       -0.84906019
H          -5.28351269        0.81343134       -0.39961937