N          -4.59563900       -0.03975646       -0.50846629
C          -4.98492385       -1.35320299       -0.67095489
H          -6.03216021       -1.62017753       -0.79906971
N          -3.97328859       -2.19407512       -0.65082929
C          -2.86145923       -1.38462522       -0.46532663
C          -1.46999323       -1.72241989       -0.36194954
N          -0.68945693       -0.55317359       -0.17488552
H           0.31087353       -0.71913360       -0.07906928
C          -1.15973091        0.73751401       -0.09838283
N          -0.24623209        1.71749834        0.14558774
H           0.72342390        1.55088926       -0.10650759
H          -0.57575181        2.66266720       -0.02634678
N          -2.44268171        1.04941361       -0.19922977
C          -3.23238984       -0.03809524       -0.37474705
O          -0.92312647       -2.82472390       -0.41319167
H          -5.20327927        0.77361473       -0.49274852 