N          -4.57748038        0.02992342       -0.45681895
C          -4.98323720       -1.26985541       -0.70099321
H          -6.03611697       -1.51363556       -0.83002786
N          -3.99430647       -2.12663550       -0.75436056
C          -2.86343937       -1.34705281       -0.53236996
C          -1.50200931       -1.62702386       -0.46195686
N          -0.68164738       -0.55793141       -0.22240807
H           0.31813893       -0.75660915       -0.17048311
C          -1.12770912        0.73890482       -0.05080283
N          -0.21066457        1.68375068        0.17912074
H           0.78031615        1.48025841        0.23330516
H          -0.52475802        2.63894412        0.30671937
N          -2.42021001        1.05819024       -0.10833230
C          -3.22131240        0.01628925       -0.34401629
O          -0.85140788       -2.75885938       -0.58702098
C          -1.59210477       -3.98446356       -0.84395190
H          -2.29107453       -4.17528345       -0.01997860
H          -2.13173342       -3.89886608       -1.79556538
H          -0.82420559       -4.76302897       -0.89649263
H          -5.17872216        0.84616390       -0.37966608               